wgEncodeAwgTfbsHaibK562Fosl1sc183V0416101UniPk: 0.8934668791258821 0.9616360382588753 0.9669552293869865
wgEncodeAwgTfbsHaibHepg2Fosl2V0416101UniPk: 0.8040063737764626 0.9370631508562565 0.949504784194281
